%YAML:1.0
---
model_type: MEI
camera_name: camera
image_width: 752
image_height: 480
mirror_parameters:
   xi: 1.4456544769803834e+00
distortion_parameters:
   k1: -2.5034765682756088e-01
   k2: 5.0579399202897619e-02
   p1: -7.0536676161976066e-04
   p2: -8.5255451307033846e-03
projection_parameters:
   gamma1: 3.6220059643202876e+02
   gamma2: 3.6350065250745848e+02
   u0: 4.0658699068023441e+02
   v0: 2.3435161110061483e+02
