%YAML:1.0
---
model_type: MEI
camera_name: camera
image_width: 752
image_height: 480
mirror_parameters:
   xi: 1.5056030540672460e+00
distortion_parameters:
   k1: -3.0377346762098512e-01
   k2: 7.9929693673999838e-02
   p1: 5.1547517530716883e-05
   p2: -6.7345903740579250e-04
projection_parameters:
   gamma1: 3.6514014888558478e+02
   gamma2: 3.6513385298966961e+02
   u0: 3.8932395100630907e+02
   v0: 2.3495160212312547e+02
